* Measurement data measured by REW V5.20
* Source: E:\2325694655\FileRecv\¹þÂü2019.txt
* Format: Comma/Tab/Space delimited data
* Dated: 2021-11-6 0:02:34
* REW Settings:
*  C-weighting compensation: Off
*  Target level: 75.0 dB
* Note: Measurement imported from E:\2325694655\FileRecv\¹þÂü2019.txt Format: Comma/Tab/Space delimited data 695 values loaded, 20 Hz to 19,896 Hz log spaced
* Measurement: ¹þÂü2019
* Smoothing: 1/24 octave
* Frequency Step: 96 ppo
* Start Frequency: 20.0 Hz
*
* Freq(Hz) SPL(dB)
20.000000 55.115
20.144928 55.119
20.290907 55.125
20.437943 55.131
20.586044 55.137
20.735220 55.141
20.885475 55.145
21.036819 55.151
21.189260 55.158
21.342806 55.164
21.497465 55.168
21.653244 55.172
21.810152 55.176
21.968197 55.180
22.127388 55.183
22.287733 55.187
22.449240 55.191
22.611916 55.194
22.775770 55.197
22.940813 55.200
23.107052 55.201
23.274494 55.204
23.443151 55.207
23.613029 55.209
23.784140 55.210
23.956490 55.211
24.130089 55.212
24.304945 55.215
24.481070 55.218
24.658470 55.219
24.837156 55.220
25.017136 55.220
25.198420 55.220
25.381018 55.220
25.564939 55.220
25.750193 55.220
25.936789 55.220
26.124737 55.220
26.314047 55.220
26.504730 55.220
26.696795 55.220
26.890251 55.220
27.085110 55.220
27.281380 55.220
27.479073 55.220
27.678198 55.220
27.878765 55.220
28.080786 55.220
28.284271 55.220
28.489231 55.220
28.695675 55.220
28.903616 55.220
29.113064 55.220
29.324030 55.220
29.536524 55.220
29.750557 55.219
29.966143 55.218
30.183290 55.216
30.402012 55.212
30.622318 55.210
30.844221 55.209
31.067732 55.206
31.292862 55.202
31.519623 55.199
31.748028 55.195
31.978086 55.192
32.209812 55.188
32.443218 55.184
32.678314 55.181
32.915115 55.177
33.153633 55.173
33.393879 55.170
33.635864 55.165
33.879604 55.160
34.125111 55.153
34.372395 55.146
34.621471 55.139
34.872353 55.133
35.125053 55.128
35.379585 55.121
35.635960 55.111
35.894192 55.102
36.154297 55.094
36.416286 55.084
36.680176 55.073
36.945976 55.062
37.213703 55.050
37.483368 55.038
37.754990 55.025
38.028580 55.014
38.304150 55.002
38.581718 54.989
38.861298 54.975
39.142902 54.960
39.426548 54.946
39.712250 54.931
40.000023 54.917
40.289879 54.901
40.581837 54.884
40.875908 54.866
41.172112 54.848
41.470463 54.830
41.770973 54.812
42.073662 54.793
42.378544 54.774
42.685635 54.754
42.994953 54.732
43.306511 54.711
43.620327 54.689
43.936417 54.667
44.254799 54.645
44.575489 54.623
44.898502 54.601
45.223854 54.577
45.551563 54.550
45.881649 54.522
46.214127 54.494
46.549015 54.467
46.886330 54.440
47.226086 54.413
47.568306 54.383
47.913006 54.351
48.260204 54.319
48.609917 54.286
48.962166 54.253
49.316967 54.221
49.674339 54.189
50.034302 54.157
50.396870 54.126
50.762066 54.096
51.129910 54.066
51.500420 54.035
51.873611 54.003
52.249508 53.971
52.628128 53.940
53.009495 53.909
53.393623 53.875
53.780537 53.839
54.170254 53.804
54.562794 53.767
54.958179 53.731
55.356430 53.696
55.757565 53.662
56.161606 53.630
56.568577 53.600
56.978497 53.568
57.391388 53.536
57.807270 53.505
58.226166 53.475
58.648098 53.445
59.073086 53.415
59.501152 53.383
59.932323 53.347
60.366619 53.307
60.804062 53.265
61.244675 53.221
61.688480 53.175
62.135502 53.128
62.585762 53.083
63.039284 53.040
63.496094 52.999
63.956211 52.960
64.419662 52.923
64.886475 52.887
65.356667 52.850
65.830269 52.813
66.307304 52.776
66.787796 52.737
67.271767 52.695
67.759247 52.653
68.250259 52.610
68.744827 52.569
69.242981 52.528
69.744743 52.487
70.250145 52.444
70.759209 52.401
71.271957 52.357
71.788422 52.313
72.308632 52.267
72.832611 52.220
73.360390 52.175
73.891991 52.131
74.427444 52.087
74.966774 52.045
75.510017 52.005
76.057198 51.965
76.608337 51.924
77.163475 51.885
77.722633 51.845
78.285843 51.805
78.853134 51.767
79.424538 51.729
80.000084 51.689
80.579796 51.647
81.163712 51.606
81.751854 51.565
82.344261 51.525
82.940964 51.483
83.541985 51.440
84.147362 51.397
84.757126 51.354
85.371307 51.312
85.989944 51.271
86.613060 51.230
87.240692 51.188
87.872871 51.145
88.509636 51.102
89.151016 51.058
89.797043 51.014
90.447746 50.969
91.103165 50.923
91.763336 50.876
92.428291 50.831
93.098068 50.787
93.772697 50.742
94.452209 50.696
95.136650 50.648
95.826050 50.599
96.520447 50.551
97.219872 50.503
97.924370 50.455
98.633972 50.405
99.348717 50.356
100.068642 50.309
100.793777 50.265
101.524170 50.223
102.259857 50.180
103.000877 50.137
103.747261 50.094
104.499054 50.051
105.256294 50.009
106.019028 49.967
106.787285 49.923
107.561111 49.878
108.340546 49.833
109.125626 49.789
109.916397 49.745
110.712898 49.701
111.515167 49.656
112.323250 49.610
113.137192 49.563
113.957031 49.516
114.782814 49.468
115.614578 49.419
116.452370 49.370
117.296234 49.323
118.146210 49.276
119.002342 49.230
119.864685 49.187
120.733276 49.146
121.608162 49.104
122.489388 49.062
123.376999 49.019
124.271042 48.975
125.171562 48.932
126.078606 48.888
126.992226 48.843
127.912460 48.796
128.839371 48.750
129.772995 48.705
130.713379 48.661
131.660583 48.617
132.614655 48.574
133.575638 48.531
134.543579 48.488
135.518539 48.447
136.500565 48.407
137.489700 48.366
138.486008 48.324
139.489532 48.284
140.500336 48.245
141.518463 48.209
142.543961 48.173
143.576889 48.139
144.617310 48.106
145.665268 48.071
146.720825 48.036
147.784027 48.000
148.854935 47.964
149.933594 47.929
151.020081 47.895
152.114441 47.862
153.216721 47.828
154.326996 47.792
155.445312 47.756
156.571732 47.720
157.706314 47.684
158.849121 47.648
160.000214 47.611
161.159637 47.575
162.327469 47.539
163.503754 47.502
164.688568 47.466
165.881973 47.430
167.084015 47.394
168.294769 47.357
169.514297 47.321
170.742661 47.285
171.979935 47.248
173.226166 47.212
174.481430 47.176
175.745789 47.140
177.019318 47.103
178.302078 47.067
179.594131 47.031
180.895538 46.996
182.206375 46.961
183.526718 46.928
184.856628 46.894
186.196182 46.859
187.545441 46.824
188.904465 46.789
190.273346 46.755
191.652145 46.723
193.040939 46.690
194.439789 46.657
195.848785 46.625
197.267990 46.592
198.697479 46.561
200.137329 46.532
201.587601 46.503
203.048386 46.476
204.519760 46.450
206.001801 46.424
207.494568 46.396
208.998154 46.370
210.512634 46.345
212.038101 46.322
213.574615 46.300
215.122269 46.278
216.681137 46.255
218.251297 46.231
219.832840 46.206
221.425842 46.183
223.030380 46.161
224.646545 46.142
226.274429 46.124
227.914108 46.108
229.565674 46.091
231.229202 46.072
232.904785 46.055
234.592514 46.037
236.292465 46.020
238.004730 46.006
239.729416 45.993
241.466599 45.981
243.216370 45.968
244.978821 45.955
246.754044 45.941
248.542130 45.930
250.343170 45.921
252.157257 45.911
253.984497 45.901
255.824966 45.891
257.678772 45.882
259.546021 45.874
261.426788 45.867
263.321198 45.860
265.229340 45.852
267.151306 45.845
269.087189 45.838
271.037109 45.831
273.001160 45.823
274.979431 45.816
276.972046 45.810
278.979095 45.805
281.000702 45.802
283.036957 45.800
285.087952 45.799
287.153809 45.798
289.234650 45.795
291.330566 45.792
293.441681 45.791
295.568085 45.790
297.709900 45.790
299.867218 45.790
302.040192 45.790
304.228912 45.790
306.433472 45.790
308.654022 45.790
310.890656 45.790
313.143494 45.790
315.412659 45.790
317.698273 45.790
320.000458 45.790
322.319305 45.791
324.654968 45.793
327.007538 45.796
329.377167 45.799
331.763977 45.800
334.168091 45.801
336.589600 45.802
339.028656 45.805
341.485413 45.809
343.959961 45.812
346.452423 45.816
348.962952 45.819
351.491669 45.823
354.038727 45.827
356.604248 45.830
359.188354 45.835
361.791168 45.840
364.412842 45.845
367.053528 45.849
369.713348 45.853
372.392456 45.857
375.090973 45.861
377.809052 45.864
380.546814 45.868
383.304413 45.872
386.082001 45.876
388.879700 45.882
391.697693 45.887
394.536102 45.891
397.395081 45.896
400.274780 45.901
403.175323 45.906
406.096893 45.911
409.039642 45.915
412.003723 45.920
414.989258 45.926
417.996429 45.930
421.025391 45.934
424.076324 45.940
427.149353 45.947
430.244659 45.953
433.362396 45.958
436.502716 45.962
439.665802 45.967
442.851807 45.973
446.060883 45.980
449.293213 45.988
452.548981 45.995
455.828339 46.002
459.131470 46.009
462.458527 46.016
465.809692 46.024
469.185150 46.031
472.585052 46.038
476.009613 46.046
479.458984 46.053
482.933350 46.060
486.432892 46.067
489.957794 46.075
493.508240 46.082
497.084412 46.090
500.686493 46.098
504.314667 46.108
507.969147 46.118
511.650085 46.127
515.357727 46.135
519.092224 46.143
522.853760 46.150
526.642578 46.157
530.458862 46.165
534.302795 46.173
538.174561 46.181
542.074402 46.192
546.002502 46.203
549.959045 46.213
553.944275 46.224
557.958374 46.234
562.001587 46.242
566.074097 46.250
570.176086 46.257
574.307800 46.264
578.469482 46.271
582.661316 46.279
586.883545 46.286
591.136353 46.294
595.419983 46.301
599.734619 46.311
604.080566 46.322
608.458008 46.335
612.867126 46.349
617.308228 46.363
621.781494 46.377
626.287170 46.389
630.825500 46.400
635.396729 46.413
640.001099 46.425
644.638794 46.438
649.310120 46.449
654.015259 46.460
658.754517 46.471
663.528137 46.482
668.336365 46.494
673.179382 46.508
678.057495 46.522
682.971008 46.537
687.920105 46.551
692.905029 46.566
697.926086 46.580
702.983521 46.595
708.077637 46.609
713.208679 46.624
718.376892 46.638
723.582520 46.653
728.825867 46.667
734.107239 46.682
739.426880 46.696
744.785095 46.711
750.182129 46.725
755.618286 46.740
761.093811 46.754
766.609009 46.769
772.164185 46.784
777.759583 46.799
783.395569 46.814
789.072388 46.831
794.790344 46.849
800.549744 46.865
806.350830 46.880
812.193970 46.895
818.079468 46.910
824.007629 46.926
829.978699 46.943
835.993042 46.961
842.050964 46.977
848.152832 46.994
854.298889 47.012
860.489502 47.032
866.724976 47.051
873.005615 47.070
879.331787 47.088
885.703796 47.107
892.121948 47.125
898.586609 47.144
905.098145 47.166
911.656860 47.188
918.263123 47.213
924.917236 47.237
931.619568 47.260
938.370483 47.283
945.170288 47.305
952.019409 47.327
958.918152 47.351
965.866882 47.376
972.865967 47.401
979.915771 47.427
987.016663 47.452
994.169006 47.478
1001.373169 47.504
1008.629517 47.531
1015.938477 47.560
1023.300415 47.588
1030.715698 47.614
1038.184692 47.640
1045.707764 47.668
1053.285400 47.697
1060.917969 47.728
1068.605835 47.760
1076.349365 47.793
1084.149048 47.826
1092.005249 47.860
1099.918335 47.895
1107.888794 47.930
1115.916992 47.965
1124.003418 48.004
1132.148438 48.043
1140.352417 48.083
1148.615845 48.125
1156.939209 48.167
1165.322876 48.207
1173.767334 48.248
1182.272949 48.291
1190.840210 48.335
1199.469482 48.381
1208.161377 48.428
1216.916260 48.473
1225.734497 48.517
1234.616699 48.562
1243.563232 48.609
1252.574585 48.659
1261.651245 48.712
1270.793701 48.766
1280.002441 48.820
1289.277832 48.875
1298.620483 48.929
1308.030762 48.984
1317.509277 49.038
1327.056519 49.093
1336.672974 49.148
1346.359009 49.205
1356.115234 49.262
1365.942261 49.320
1375.840454 49.378
1385.810303 49.436
1395.852417 49.494
1405.967285 49.551
1416.155518 49.607
1426.417603 49.662
1436.754028 49.718
1447.165283 49.774
1457.652100 49.830
1468.214844 49.885
1478.854126 49.941
1489.570557 49.999
1500.364624 50.059
1511.236938 50.121
1522.187988 50.186
1533.218384 50.250
1544.328735 50.316
1555.519531 50.381
1566.791504 50.446
1578.145142 50.510
1589.581055 50.574
1601.099854 50.641
1612.702026 50.712
1624.388306 50.785
1636.159302 50.860
1648.015625 50.936
1659.957886 51.009
1671.986572 51.083
1684.102417 51.157
1696.306152 51.234
1708.598267 51.314
1720.979492 51.397
1733.450439 51.480
1746.011719 51.564
1758.664062 51.649
1771.408081 51.735
1784.244385 51.820
1797.173706 51.906
1810.196777 51.995
1823.314209 52.085
1836.526733 52.176
1849.834961 52.269
1863.239624 52.363
1876.741455 52.457
1890.341064 52.552
1904.039307 52.646
1917.836792 52.742
1931.734253 52.839
1945.732422 52.937
1959.832031 53.034
1974.033813 53.132
1988.338501 53.228
2002.746826 53.321
2017.259521 53.411
2031.877441 53.498
2046.601318 53.584
2061.431885 53.668
2076.369873 53.753
2091.416016 53.839
2106.571289 53.926
2121.836426 54.013
2137.212158 54.100
2152.699219 54.187
2168.298584 54.274
2184.010986 54.361
2199.837158 54.448
2215.778076 54.534
2231.834473 54.620
2248.007324 54.704
2264.297363 54.787
2280.705322 54.871
2297.232178 54.955
2313.878906 55.038
2330.646240 55.123
2347.535156 55.204
2364.546387 55.281
2381.680908 55.352
2398.939453 55.422
2416.323242 55.491
2433.833008 55.559
2451.469482 55.626
2469.233887 55.692
2487.126953 55.759
2505.149658 55.821
2523.302979 55.880
2541.587891 55.935
2560.005371 55.992
2578.556152 56.049
2597.241455 56.106
2616.062256 56.161
2635.019287 56.214
2654.113770 56.262
2673.346680 56.308
2692.718750 56.352
2712.231201 56.396
2731.885254 56.439
2751.681641 56.482
2771.621582 56.524
2791.705811 56.562
2811.935547 56.594
2832.312012 56.622
2852.836182 56.646
2873.509033 56.671
2894.331543 56.696
2915.305176 56.720
2936.430664 56.742
2957.709229 56.764
2979.142090 56.785
3000.730225 56.806
3022.474854 56.824
3044.376953 56.841
3066.437744 56.857
3088.658447 56.874
3111.040039 56.891
3133.583984 56.904
3156.291260 56.912
3179.163086 56.917
3202.200684 56.918
3225.405029 56.917
3248.777588 56.915
3272.319580 56.912
3296.032227 56.910
3319.916748 56.907
3343.974121 56.903
3368.206055 56.896
3392.613525 56.887
3417.197754 56.876
3441.960205 56.863
3466.902100 56.851
3492.024658 56.839
3517.329346 56.826
3542.817383 56.809
3568.489990 56.789
3594.348633 56.768
3620.394775 56.745
3646.629639 56.721
3673.054688 56.696
3699.671143 56.672
3726.480469 56.649
3753.484131 56.624
3780.683350 56.599
3808.079834 56.574
3835.674805 56.548
3863.469727 56.520
3891.466064 56.492
3919.665283 56.464
3948.068848 56.437
3976.678223 56.411
4005.494873 56.382
4034.520264 56.351
4063.756104 56.317
4093.203857 56.283
4122.864746 56.250
4152.740723 56.217
4182.833008 56.184
4213.143555 56.151
4243.673828 56.118
4274.425293 56.083
4305.399414 56.047
4336.598145 56.011
4368.022949 55.974
4399.675293 55.938
4431.557129 55.901
4463.669922 55.864
4496.015625 55.825
4528.595703 55.785
4561.411621 55.746
4594.465332 55.706
4627.758789 55.666
4661.293457 55.626
4695.071289 55.585
4729.093750 55.543
4763.362793 55.502
4797.879883 55.461
4832.647461 55.420
4867.666992 55.378
4902.939941 55.335
4938.468750 55.292
4974.254883 55.250
5010.300293 55.212
5046.606934 55.176
5083.176758 55.141
5120.011719 55.106
5157.113281 55.070
5194.483887 55.034
5232.125488 54.997
5270.039551 54.960
5308.228516 54.922
5346.694336 54.881
5385.438477 54.839
5424.463379 54.798
5463.771484 54.758
5503.364258 54.718
5543.244141 54.679
5583.412598 54.640
5623.872070 54.601
5664.625000 54.565
5705.673340 54.530
5747.019043 54.495
5788.664551 54.459
5830.611816 54.423
5872.862793 54.386
5915.419922 54.349
5958.285645 54.310
6001.461914 54.266
6044.951172 54.214
6088.755371 54.157
6132.876953 54.098
6177.318359 54.039
6222.081543 53.981
6267.169434 53.923
6312.583984 53.865
6358.327637 53.806
6404.402832 53.746
6450.812012 53.686
6497.557129 53.625
6544.641113 53.565
6592.066406 53.506
6639.835449 53.445
6687.950195 53.381
6736.414062 53.310
6785.229004 53.235
6834.397461 53.158
6883.922363 53.081
6933.806152 53.004
6984.051270 52.926
7034.660645 52.845
7085.636719 52.761
7136.981934 52.671
7188.699219 52.575
7240.791504 52.476
7293.261230 52.375
7346.111328 52.274
7399.344238 52.172
7452.962891 52.071
7506.970215 51.969
7561.368652 51.869
7616.161621 51.769
7671.351562 51.671
7726.941406 51.572
7782.934082 51.472
7839.332520 51.372
7896.139648 51.273
7953.358398 51.171
8010.991699 51.063
8069.042480 50.949
8127.514160 50.831
8186.409668 50.712
8245.731445 50.592
8305.483398 50.470
8365.667969 50.348
8426.289062 50.226
8487.349609 50.101
8548.852539 49.971
8610.800781 49.838
8673.198242 49.704
8736.047852 49.568
8799.352539 49.431
8863.116211 49.293
8927.341797 49.154
8992.033203 49.014
9057.193359 48.870
9122.825195 48.723
9188.932617 48.573
9255.519531 48.421
9322.588867 48.269
9390.144531 48.116
9458.189453 47.963
9526.727539 47.808
9595.761719 47.649
9665.296875 47.488
9735.335938 47.327
9805.881836 47.167
9876.939453 47.008
9948.511719 46.849
10020.602539 46.693
10093.215820 46.541
10166.355469 46.393
10240.025391 46.247
10314.228516 46.102
10388.969727 45.956
10464.252930 45.811
10540.081055 45.666
10616.458984 45.519
10693.390625 45.371
10770.878906 45.220
10848.928711 45.069
10927.544922 44.916
11006.730469 44.764
11086.490234 44.611
11166.827148 44.457
11247.746094 44.301
11329.251953 44.143
11411.348633 43.984
11494.040039 43.825
11577.331055 43.666
11661.225586 43.508
11745.727539 43.353
11830.841797 43.204
11916.573242 43.059
12002.925781 42.917
12089.904297 42.776
12177.512695 42.637
12265.755859 42.499
12354.638672 42.361
12444.165039 42.222
12534.340820 42.081
12625.169922 41.940
12716.657227 41.799
12808.807617 41.657
12901.625977 41.516
12995.116211 41.375
13089.284180 41.234
13184.134766 41.094
13279.672852 40.957
13375.903320 40.823
13472.831055 40.690
13570.460938 40.557
13668.797852 40.423
13767.847656 40.291
13867.615234 40.159
13968.105469 40.029
14069.324219 39.901
14171.276367 39.774
14273.966797 39.650
14377.401367 39.526
14481.585938 39.402
14586.525391 39.279
14692.225586 39.155
14798.691406 39.029
14905.928711 38.899
15013.943359 38.760
15122.740234 38.611
15232.326172 38.454
15342.706055 38.293
15453.885742 38.131
15565.871094 37.968
15678.667969 37.803
15792.282227 37.637
15906.719727 37.465
16021.986328 37.278
16138.087891 37.071
16255.031250 36.852
16372.822266 36.628
16491.466797 36.402
16610.970703 36.173
16731.339844 35.942
16852.582031 35.707
16974.703125 35.457
17097.708984 35.186
17221.605469 34.893
17346.400391 34.589
17472.099609 34.280
17598.708984 33.971
17726.236328 33.659
17854.687500 33.339
17984.070312 33.004
18114.390625 32.648
18245.654297 32.271
18377.869141 31.882
18511.042969 31.489
18645.181641 31.094
18780.292969 30.695
18916.382812 30.289
19053.458984 29.867
19191.527344 29.426
19330.597656 28.974
19470.675781 28.522
19611.767578 28.086
19753.882812 27.700
19897.027344 0.000
